893,585,178,972
556,60,933,353,221
558,375,669,263,72
671,281,372,152,784
334,86,741,117,144
804,367,954,497,500
776,397,243,826,555
635,694,991,591,144,778
757,8,670,714,678,547
982,845,844,948,101,346
740,558,645,383,924,214
909,142,627,324,115,365
488,502,325,376,578,131
551,293,310,17,230,236,31
332,611,265,416,164,284,608
765,817,364,803,328,686,99
539,871,119,872,512,458,16
50,431,178,363,422,983,445
998,259,16,358,519,729,369
122,500,624,612,325,267,957,168
291,195,39,738,122,222,976,274
780,699,551,173,115,372,874,620
413,785,184,368,304,462,748,48
598,480,670,610,129,488,300,930
578,313,814,153,250,428,655,468
12,93,863,320,498,129,166,591,195
966,570,170,839,264,41,348,529,212
570,326,435,914,350,68,968,44,532
555,394,165,986,317,355,312,808,803
1,222,286,157,787,563,813,649,240
710,219,382,335,947,528,564,720,495
286,83,522,304,349,124,206,470,924,151
528,881,868,842,349,184,870,234,728,347
485,193,583,566,982,733,795,819,548,913
597,731,256,866,251,136,125,592,577,514
409,823,949,340,200,337,75,818,227,449
247,938,278,55,385,732,807,131,785,542
937,104,292,809,192,150,880,546,407,67,593
270,350,840,958,341,904,292,157,73,584,319
515,651,75,757,448,282,384,509,783,946,508
596,75,957,651,523,420,472,513,322,969,373
606,367,936,168,383,79,353,912,793,512,224
124,793,473,465,735,847,398,478,649,425,691
884,708,428,36,20,216,117,816,789,11,741,656
462,97,11,439,401,139,315,63,996,687,236,101
49,300,208,43,276,904,508,457,925,617,367,551
739,820,888,352,417,829,479,118,197,883,710,503
811,111,249,497,440,225,16,247,514,311,229,808
789,195,776,720,152,544,833,669,598,849,261,248
481,446,169,998,265,36,85,963,97,455,999,490,242
262,712,858,986,172,108,352,268,278,859,101,555,502
964,301,201,123,569,892,33,939,62,740,77,270,395
615,25,328,393,29,486,458,225,43,11,54,584,752
390,517,991,349,680,950,414,569,575,790,481,630,189
159,194,379,237,991,502,343,358,437,324,639,112,873
663,788,387,897,973,684,214,956,65,603,661,717,459,53
996,118,255,123,1,86,490,616,70,713,360,831,779,138
955,283,266,583,942,154,12,969,816,255,609,263,732,483
21,366,589,975,382,327,679,784,937,669,705,927,284,809
302,364,398,652,634,335,435,880,810,130,548,675,260,606
443,426,854,641,907,838,130,297,198,269,47,200,113,439
3,931,610,899,404,760,586,110,838,92,757,656,934,199,877
515,301,693,295,488,409,841,181,184,333,648,762,667,49,959
133,113,372,745,933,859,341,585,106,613,170,977,236,482,767
573,709,516,408,711,585,687,586,208,390,632,963,287,646,503
770,793,809,190,209,69,928,365,279,306,764,932,282,664,325
580,361,896,223,890,56,481,110,681,93,296,898,691,191,763
765,251,246,658,473,706,965,890,656,629,300,319,395,351,202,78
507,608,480,965,278,922,1,935,217,75,405,335,197,340,685,392
100,973,64,966,834,594,148,109,368,911,337,573,787,971,287,510
611,980,256,990,712,191,55,268,871,33,127,232,891,448,9,241
110,551,294,442,702,826,683,666,693,54,658,870,888,147,396,526
601,418,324,865,616,917,7,733,60,999,232,567,287,330,32,587
712,78,42,497,98,164,84,108,18,672,426,496,886,284,5,527,95
785,856,706,585,932,854,907,345,873,648,367,350,773,170,301,558,991
283,534,589,312,84,647,822,798,689,521,119,408,69,71,67,489,207
466,226,497,235,737,271,582,793,612,273,706,939,447,568,867,700,450
178,310,824,770,924,517,479,524,211,91,21,135,59,993,414,854,33
361,195,345,104,182,809,901,523,57,943,616,687,81,478,533,317,888
338,574,654,489,331,341,639,648,389,271,739,781,202,549,896,191,754,233
17,225,753,593,563,892,782,971,92,657,756,126,13,961,282,664,848,771
549,913,244,929,269,35,301,623,196,741,33,256,267,962,661,207,799,59
278,344,17,262,596,65,67,8,353,837,726,631,378,16,468,582,852,778
737,501,554,688,823,305,730,482,378,809,356,23,77,873,248,761,627,477
892,12,768,709,81,24,501,343,913,710,474,883,639,8,27,663,994,912
386,755,151,298,229,807,547,510,699,408,562,317,80,897,703,157,746,630,424
719,264,260,964,302,374,757,52,522,895,47,436,578,328,948,853,73,365,684
96,719,130,166,264,143,960,990,317,569,802,672,145,590,67,834,424,257,357
632,945,453,920,321,891,473,982,471,366,217,823,796,592,278,550,255,8,237
959,230,818,244,475,918,375,985,346,37,760,661,443,905,752,430,291,241,444
402,703,801,47,311,368,267,294,207,563,825,964,65,537,287,115,955,178,164
832,499,625,522,697,5,107,43,918,566,842,363,154,920,1,797,460,806,859,325
798,215,700,157,937,71,91,699,635,441,354,608,918,681,292,883,853,58,467,919
940,506,148,713,623,541,856,201,724,844,839,805,185,494,385,395,757,327,568,166
842,800,435,271,991,824,221,348,498,12,917,807,547,432,150,270,531,938,230,370
219,567,987,798,921,604,137,46,957,747,241,889,138,360,924,365,617,319,437,102
711,732,708,522,78,751,958,76,209,762,170,75,384,848,542,534,900,755,688,574
940,162,66,848,518,838,492,381,10,951,949,608,432,383,828,556,666,947,456,879,203
506,184,511,751,547,637,200,164,303,867,455,126,488,974,206,881,821,154,427,631,371
802,215,201,481,106,89,90,240,536,436,760,493,413,388,195,325,674,920,584,332,293
