806,960,429,507
817,656,726,575,631
91,437,280,423,376
563,451,700,450,74
206,584,219,126,675
559,21,931,844,254,383
733,817,418,47,477,905
186,56,604,542,700,36
852,690,354,967,513,187
920,78,675,900,884,670,914
717,340,683,850,257,790,515
875,371,33,838,756,661,962
589,575,724,707,931,920,851
237,532,647,202,655,665,533,970
199,149,867,256,780,872,445,20
926,741,878,798,421,73,373,372
463,475,53,553,206,634,971,869
301,80,408,269,954,161,246,295,815
919,32,477,299,782,897,323,166,575
791,158,417,635,648,243,310,586,962
369,949,65,581,77,893,305,808,951
378,100,759,617,416,149,406,475,50,699
945,87,989,401,961,560,791,330,440,28
649,426,57,40,615,655,231,562,480,382
472,305,254,171,205,40,132,176,377,10
655,902,635,32,530,906,330,222,282,54,781
635,650,104,100,583,884,184,742,695,685,427
632,587,516,645,678,233,15,803,961,843,897
86,317,539,76,660,102,166,423,520,438,926
436,226,566,490,65,161,903,32,120,260,475,251
261,184,797,159,268,924,330,481,85,400,418,76
741,276,791,254,482,269,921,553,794,946,547,181
857,932,878,43,21,388,959,172,871,511,744,79
985,44,272,602,78,119,847,824,371,366,683,169,616
175,96,927,434,428,847,508,696,879,110,369,408,112
480,538,678,862,24,325,416,482,519,209,81,871,624
987,888,37,844,923,668,85,40,837,198,46,751,971
779,902,780,1,557,404,344,961,229,666,372,100,190,25
308,249,345,660,920,104,521,390,448,32,306,400,740,758
267,738,669,415,869,83,947,996,719,292,852,876,504,558
662,632,1000,852,729,16,419,219,404,59,946,765,186,3
63,333,625,967,670,174,167,306,771,948,489,657,860,259,993
873,372,150,739,295,456,336,316,593,657,327,696,865,7,342
287,202,487,353,426,515,593,532,864,977,768,596,536,362,286
615,986,955,52,79,950,74,195,969,992,216,690,164,311,662
540,381,753,80,789,879,797,375,841,328,956,561,25,783,188,499
763,2,499,846,412,860,716,71,613,130,513,17,271,223,238,141
533,221,949,193,941,52,36,615,202,344,543,292,9,714,490,769
941,457,8,414,737,857,865,994,554,153,611,456,319,250,944,667
797,36,16,9,227,875,331,94,607,630,533,232,228,296,790,167,497
791,533,783,918,170,297,974,757,744,867,896,571,811,203,395,514,468
501,260,60,840,519,728,854,343,691,687,287,109,140,50,771,170,166
733,712,452,119,976,244,724,227,463,81,766,273,978,287,137,120,367
12,983,244,498,2,7,739,182,309,318,951,878,575,124,568,733,826,658
463,803,826,345,961,392,684,885,30,267,831,737,269,308,646,661,582,800
910,178,259,130,218,165,172,686,393,298,718,89,481,248,367,68,962,514
608,423,649,222,511,547,231,174,296,792,270,460,992,541,499,510,213,795
8,534,998,397,151,636,254,40,378,89,222,617,197,12,928,603,260,456,581
900,829,598,631,840,595,103,861,986,791,120,605,404,171,675,78,169,190,952
707,781,386,846,236,828,649,784,343,100,861,78,680,394,529,77,786,555,287
613,825,770,574,949,919,152,100,945,362,786,984,883,463,228,333,56,13,260
500,217,512,329,937,969,248,585,143,759,221,418,827,929,409,40,450,992,91,309
312,731,259,287,390,180,655,204,695,166,809,960,343,568,330,559,969,163,600,622
499,759,311,411,64,548,470,885,58,820,505,421,545,286,247,196,253,565,479,695
604,15,708,390,416,913,378,706,984,704,3,396,393,722,795,314,833,587,348,924
448,676,231,493,836,989,480,749,439,787,116,547,967,701,586,744,490,304,723,951,83
515,463,56,957,844,14,643,179,417,615,458,194,19,360,496,4,757,139,269,306,642
458,339,597,876,255,819,961,465,570,72,62,440,463,518,732,666,619,499,234,115,843
603,543,745,530,790,145,612,162,417,863,787,660,474,218,671,891,601,865,546,356,100
924,575,857,960,990,910,365,146,652,100,499,808,179,821,447,782,950,48,805,288,468,758
424,321,328,85,715,374,594,863,108,450,283,642,463,951,886,972,110,526,841,629,893,235
771,569,19,848,127,800,181,163,519,964,533,967,588,247,657,85,513,302,622,188,24,773
882,716,236,80,640,59,670,980,622,249,387,728,35,783,745,307,693,575,274,411,871,663
378,615,359,160,611,234,637,614,1000,965,783,27,430,855,113,868,741,555,298,527,350,390,50
335,72,444,312,694,219,95,880,7,245,498,418,325,922,176,781,603,662,940,737,640,358,740
741,806,165,839,293,656,690,200,29,446,527,663,627,358,844,602,62,649,914,797,5,279,780
99,795,183,207,455,990,850,580,262,445,136,397,291,712,642,170,975,750,234,263,914,586,75
299,580,961,364,906,510,690,99,311,505,248,302,578,640,325,596,818,258,172,970,31,47,763,642
326,156,412,790,202,465,718,322,819,679,660,104,694,999,658,461,169,702,672,520,137,812,261,34
442,476,680,592,434,254,109,134,754,984,755,167,218,179,214,183,96,26,862,793,637,517,83,876
4,51,907,408,88,942,178,367,609,648,573,710,754,908,283,922,522,63,688,536,260,414,495,5
862,569,99,724,267,516,562,998,869,158,759,803,402,290,802,430,898,83,774,503,891,541,543,170,464
246,575,45,637,260,611,447,455,504,230,412,428,47,538,309,751,242,686,525,627,808,461,473,576,520
592,176,196,895,466,339,96,787,52,887,265,16,915,226,811,964,270,715,36,519,223,478,379,236,200
348,558,961,351,651,619,687,572,559,734,966,127,644,362,465,134,15,179,233,444,640,959,456,998,150
549,125,46,855,181,767,762,458,903,247,104,372,464,406,888,43,360,800,859,705,614,12,17,865,356,906
590,527,119,984,334,143,671,568,392,966,277,881,615,556,66,768,131,654,540,258,159,519,939,233,371,774
82,634,233,672,729,935,125,83,608,45,885,404,502,188,848,765,878,918,699,439,523,806,454,383,74,327
846,264,606,238,987,502,466,773,337,354,734,44,308,359,20,134,429,727,517,366,50,898,21,756,105,909
237,63,444,779,607,608,888,475,627,961,263,381,536,481,206,674,207,326,97,815,465,581,123,373,761,376,449
964,188,430,795,253,70,601,661,581,690,754,2,671,864,908,32,18,748,251,536,383,519,352,435,183,834,146
398,552,435,213,81,317,941,949,455,712,393,289,362,785,279,706,342,478,292,738,67,399,773,659,484,805,858
757,900,143,14,891,632,697,475,906,200,881,50,167,319,335,536,940,329,328,268,135,516,39,380,719,159,321
992,964,272,547,542,394,330,794,4,393,747,87,637,949,83,826,813,312,968,58,281,399,44,124,229,429,503,545
300,747,540,807,291,568,445,599,28,520,44,280,763,626,670,21,777,424,373,697,530,103,72,675,205,30,465,4
112,972,787,501,461,858,629,886,460,847,415,705,222,530,841,837,564,522,91,786,562,484,138,68,360,986,951,683
308,266,888,979,206,629,670,228,280,88,538,563,259,318,856,709,957,420,944,664,415,968,367,213,125,615,130,965
711,842,10,671,693,60,691,356,615,851,118,440,578,816,967,588,262,140,40,572,844,625,308,194,917,651,233,366,694
857,316,875,240,596,88,926,67,763,369,685,227,415,579,594,690,794,440,69,679,310,976,339,846,558,336,120,687,489
423,680,832,397,40,494,284,989,739,996,602,287,180,181,535,991,952,70,145,713,612,100,130,188,484,485,265,340,99
